-2198356.9635037393
-2181182.792010923
-2149082.7590265134
-2110231.478995802
-2077670.1025448497
-2053088.6788199022
-2034176.256751077
-2019933.1230764291
-2008040.8176013813
-1998137.1523399604
-1989594.6363034
-1982012.849234798
-1975367.91258066
-1969666.7485910188
-1964760.942781124
-1959904.7832528318
-1955311.5455450767
-1951101.6421795855
-1947261.8432548547
-1943882.2633844626
-1940447.1925355697
-1937588.8916056324
-1934537.3492212128
-1931891.7096681662
-1929444.3862713005
-1926746.641003968
-1924742.2844288128
-1922636.0333041502
-1920357.562444786
-1918467.2361244236
-1916422.0945322944
-1914406.0532944351
-1912760.82044861
-1910923.6609737338
-1909339.7506867046
-1907949.3966012632
-1906400.5215540521
-1904952.488375832
-1903621.3581423636
-1902023.9370447674
-1900525.3939413095
-1899365.7865135178
-1898416.415657748
-1897136.887070125
-1896204.6627561022
-1895263.1369129454
-1894014.5802171496
-1892494.7361667175
-1891588.9101517121
-1890373.0280377895
-1889489.5953983245
-1888674.6536305612
-1887992.501512033
-1887253.1090761442
-1886459.3632112958
-1885648.6455684213
-1884562.127950213
-1883693.599970763
-1882535.8674244592
-1881927.6539722618
-1881523.5949853102
-1881051.4064799428
-1880217.8720351618
-1879554.225386849
-1878940.2559438774
-1878473.0827193712
-1878228.0371117867
-1877283.1385084025
-1876594.891830061
-1876072.9424598706
-1875623.6546106979
-1874856.5119761066
-1874745.5823484722
-1874179.2446439904
-1873873.5515625014
-1873508.5442277535
-1873012.407559917
-1872527.3193475094
-1871989.6679594333
-1871624.8507784044
-1871716.8134313219
-1871621.4535347137
-1870959.0305274376
-1870463.4698762123
-1869909.4063108696
-1869497.5012346616
-1869366.0933233947
-1869257.0411645197
-1868792.0373788048
-1868641.349873213
-1868310.211557281
-1867916.8424157212
-1867772.0638439804
-1867358.8245160342
-1867205.9865627536
-1866904.7813558846
-1866745.1799977296
-1866312.3746116145
-1866298.148731574
-1865892.7791683173
-1865360.5383583964
-1865035.296009881
-1864989.5778860743
-1864782.8079458177
-1864530.6407912078
-1864140.9365913598
-1863889.3307091973
-1863694.3240613218
-1863492.0251238167
-1863244.7954231438
-1862980.6579025446
-1862708.1207125005
-1863082.9921462378
-1862472.4479910207
-1862246.5745532583
-1861977.5365423805
-1861942.7800617227
-1861631.9146882952
-1861755.527008677
-1861690.2324826627
-1861290.013107171
-1861247.945870693
-1861179.0622519008
-1860664.7347616763
-1860920.9824462747
-1860549.5641392034
-1860341.2651111132
-1860130.3975941981
-1859950.9082002332
-1859739.332823358
-1859519.9390075686
-1859510.4889547916
-1859313.4438235287
-1859283.2898518285
-1859170.2294456882
-1858827.2451743125
-1858846.057227516
-1858574.4171892367
-1858094.42738769
-1858325.3387205254
-1857989.3182827
-1857576.7299188357
-1857424.1510459215
-1857340.9959629816
-1857128.4541193356
-1857363.8799353822
-1857074.9625598276
-1856925.9599268977
-1856890.1548400384
-1856359.093957032
-1856363.3104854156
-1856240.1311255018
-1856560.3525811285
-1856442.1497323702
-1856374.7550150717
-1856567.9948954922
-1856127.1688411913
-1856068.991523194
-1856162.4226013501
-1855759.2055333296
-1855745.5432012582
-1855446.6998972606
-1855491.0493013489
-1855572.3992443571
-1855511.5853649755
-1855419.1171608781
-1855099.178944651
-1855071.9658051901
-1854663.7803965958
-1854463.456209106
-1854477.9519188737
-1854328.4432116507
-1854442.181339122
-1854221.9844433882
-1854544.6945029204
-1854523.978760269
-1854113.684634106
-1854264.5627833023
-1854019.2193154453
-1854139.1923512206
-1853729.5427216704
-1853632.7845908862
-1853644.1350787387
-1853488.8195185058
-1853817.2757071634
-1853614.9044976227
-1853334.9658876203
-1853136.7224568317
-1853487.9937711384
-1853284.266238855
-1853092.3310432187
-1852723.7819217772
-1852772.4048952595
-1853067.0128143912
-1853106.6797307455
-1852924.7161996174
-1852798.2406636123
-1852964.8735456364
-1852322.894260142
-1852482.0580561203
-1852689.5410003788
-1852368.078013297
-1851983.744003489
-1852222.091142043
-1852085.9310669936
-1852357.022907117
-1852054.2089316142
-1852198.141533879
-1852075.1475724108
-1852056.907947777
-1851576.6520332708
-1851529.1040934601
-1851591.153748284
-1851598.2954481153
-1851544.8814054017
-1851232.2427520175
-1851205.5695445996
-1850789.5104569288
-1850806.353066228
-1850698.449270855
-1850526.6584981526
-1850837.248798643
-1850622.4759930947
-1850864.3599681153
-1850523.4982162383
-1850499.1989844898
-1850535.8680317828
-1850188.2978291945
-1850220.2179338955
-1850389.4919108683
-1850175.294355757
-1850356.4907224446
-1850410.3305405753
-1850238.4697258696
-1850225.0612041447
-1849982.136379077
-1849953.8309950964
-1849815.516631977
-1849886.7287854683
-1849995.147201037
-1849873.7892826549
-1849923.287922556
-1849793.928973209
-1849569.856196949
-1849646.633086645
-1849779.7745538137
-1849371.1884221272
-1849617.032392531
-1849469.0883697644
-1849196.9530730771
-1849471.2693673484
-1849300.660169026
-1849552.7391931692
-1849346.8627120994
-1849786.744606167
-1849513.1581171972
-1849588.314083825
-1849291.9423611427
-1849104.9800129402
-1849009.4446737503
-1849062.7530542987
-1848959.610961201
-1849148.4121669934
-1849214.047532843
-1848892.2653409468
-1849175.8786054656
-1848946.803867928
-1849063.1447646024
-1848866.5212788132
-1848705.435665478
-1848750.3442874143
-1848738.0904027827
-1849016.5101653938
-1849021.114372244
-1849112.7589971528
-1848959.5463925344
-1849185.70901654
-1848653.7063806206
-1848832.8689233642
-1848844.3066694865
-1848854.919174112
-1848560.613678506
-1848660.2991676321
-1848285.82124591
-1848829.4008459584
-1848233.6147948273
-1848208.952857602
-1848262.5748632418
-1848431.931167927
-1848366.9376108856
-1848438.8962116658
-1848534.3012624565
-1848319.1004718766
-1848219.3535150208
-1847968.4960071226
-1848293.113479694
-1848279.1162942012
-1848098.4969782017
-1848142.232388638
-1848220.498924361
-1847870.8754205466
-1847958.825142257
-1847973.036188456
-1847835.4144111376
-1848098.08522616
-1848537.445821623
-1848059.0336073814
-1848272.7084539637
-1848382.901908031
-1848372.3030641202
-1848377.9314427595
-1848267.2217744074
-1848260.1199749513
-1848325.5278599774
-1848380.0440879734
-1848383.2953618902
-1848166.0767592252
-1848318.2125157102
-1848094.1030772787
-1848016.554058494
-1847770.5323944562
-1847958.458364321
-1847871.1780264252
-1847957.4377687087
-1848124.7161011337
-1847884.5120352118
-1847644.4574087632
-1847499.4031775328
-1847565.6630025883
-1847675.0373801521
-1847687.626823689
-1847577.6125676148
-1847170.8967754238
-1847340.152893704
-1846687.529766017
-1846975.2542481273
-1846972.269833383
-1846754.0982440754
-1846929.6289390589
-1846939.2295995827
-1846872.4214738258
-1846902.0745846098
-1846846.827111398
-1846912.921596489
-1847081.3833394356
-1847054.0710078976
-1846795.1654022618
-1846541.8671551193
-1846728.294799319
-1846570.105149074
-1846522.3056448745
-1846609.1297409113
-1846836.7334301504
-1846825.874768892
-1846514.0634695825
-1846541.0389099163
-1846535.2376652786
-1846719.774899672
-1846895.917071516
-1846843.421504456
-1846984.956653979
-1846535.879457626
-1846722.9172603681
-1846740.8111708632
-1846682.592212245
-1846461.701891451
-1846829.3138782552
-1846815.3140358294
-1846408.2095627247
-1846511.4740928167
-1846665.5377110394
-1846716.2733230493
-1846549.5331340414
-1846485.0121685246
-1846655.699727405
-1846244.1032546442
-1846412.8871671334
-1846304.4369229432
-1846379.717885893
-1846143.2619363912
-1846272.621412671
-1846115.1584709224
-1846307.8348889116
-1846297.4045519063
-1846330.2927638823
-1846226.330255238
-1846189.7527416623
-1846228.6982254605
-1845913.303820317
-1845848.7414245761
-1845796.142531885
-1845911.856579997
-1845633.1014256226
-1845601.691994841
-1845664.1804826309
-1845684.543272418
-1845833.7379814144
-1845848.214690879
-1845424.548368714
-1845589.401978175
-1845805.2436453092
-1845530.0100709226
-1845460.2926729743
-1845567.496155167
-1845290.0954347788
-1845272.7101103056
-1845108.6345205705
-1845056.5467543565
-1845026.4797631563
-1845317.0806922487
-1845086.5767396009
-1845092.0954724175
-1844926.8868843154
-1844910.9484014702
-1844889.6589469584
-1844809.710042907
-1845193.4463338142
-1844633.495870426
-1844689.2325402233
-1844348.5630687473
-1844313.6609088546
-1844387.2453559847
-1844124.998631034
-1843957.620284664
-1844257.3851824875
-1844642.829808564
-1844203.3299248212
-1844383.9629589317
-1844208.463607778
-1844387.4158535697
-1844500.3684900026
-1844446.8158608393
-1844582.0578884752
-1844519.6144943754
-1844613.5076518725
-1844731.648108854
-1844359.489764495
-1844807.585241946
-1844563.284624828
-1844664.03146229
-1844741.2167185794
-1844697.327470672
-1844695.784805802
-1844354.4880236664
-1844276.8917334185
-1844173.847584737
-1844410.8854360727
-1844240.4405190856
-1844274.8686163547
-1844180.0324201118
-1844669.7683574467
-1844502.8655104744
-1844313.5022675144
-1844365.3504090004
-1844073.653208973
-1844240.146926702
-1844335.3779867373
-1844134.6617836698
-1844042.392052868
-1844033.9958075085
-1844017.0698754326
-1844200.9800716331
-1844273.8802206232
-1844205.948680607
-1844300.8056166514
-1844299.7748005902
-1844165.7387137478
-1844325.5967912846
-1844532.042061992
-1844307.1909820435
-1844220.6943422318
-1844397.8792194522
-1844079.446080871
-1843813.409122252
-1843818.7493632832
-1843840.6184204936
-1844135.4996867576
-1843824.7032904401
-1843785.1058784847
-1843879.5943279664
-1844034.4896429703
-1843917.2706698636
-1843980.8743987402
-1844049.5473724275
-1843713.541097568
-1844008.7611674112
-1843921.0710748015
-1843809.7847135728
-1843691.5812427888
-1843622.4520096357
-1843601.4619732585
-1844135.7044638142
-1843732.4981415805
-1843937.1782754827
-1843792.8845332437
-1843914.2653000373
-1844053.8939926117
-1843660.3676282307
-1843586.6410605195
-1843942.456170316
-1843555.8689154345
-1843506.0601485155
-1843713.6815859647
-1843828.641406384
-1843643.3278585116
-1843941.713992473
-1844013.2960139073
-1843676.721155297
-1843727.620705091
-1844058.1629862688
-1844168.1536470822
-1843838.569747985
-1843944.0861550793
-1843904.222263791
-1843886.5265236332
-1843529.0748793636
-1843495.94561679
-1843512.359602072
-1843580.2084101124
-1843750.9079874388
-1843530.5844308052
-1843698.7784357006
-1843666.2972633827
-1843622.3553928833
-1843752.7376200026
-1843779.9546229984
-1843885.2794157106
-1843762.7413919105
-1843818.454171083
-1843755.4855971758
-1843722.2469014784
-1843822.8806343747
-1843994.951392774
-1844114.890259864
-1844349.0148091402
-1844182.0296317227
-1844036.5020267945
-1844073.5303244167
-1843838.5489847031
-1843697.7360471108
-1843812.3455746078
-1844132.4798576287
-1843754.8671253424
-1844206.0467017263
-1843870.3468919138
-1843565.9943445593
-1843567.4854502396
-1843783.9150198302
-1843932.8676889515
-1843807.637548338
-1843858.891324275
-1843733.122364938
-1843893.0779230765
-1844043.006216089
-1843884.8732252163
-1843746.766624715
-1843878.4707725137
-1843850.060713109
-1843798.300024223
-1844030.6851668432
-1843895.569939161
-1843786.1132793166
-1843708.6470966574
-1843720.2885881385
-1843764.0761334768
-1843724.1901107028
-1843495.007188095
-1843693.0493862226
-1843559.3631271264
-1843557.8788349675
-1843402.3798994685
-1843592.6915281834
-1843837.4063451802
-1843803.1834791044
-1843567.6297986594
-1843368.448069062
-1843407.3771314155
-1843143.967492509
-1843270.005970636
-1843467.1881043788
-1843626.598063493
-1843405.628617512
-1843439.7811783839
-1843753.8103813222
-1843706.756876695
-1843701.026009989
-1843617.8678079932
-1843490.8871495211
-1843485.265627579
-1843697.4428120693
-1843778.176533661
-1844078.200203725
-1844296.703028996
-1843825.6596214161
-1843840.3577688767
-1843838.6679510395
-1843622.6466256978
-1843690.584302405
-1843666.6861533693
-1843664.4939121557
-1843530.789446191
-1843540.8607523346
-1843651.9012577916
-1843387.8114636748
-1843547.4274554024
-1843713.425079535
-1843542.4321983245
-1843748.9569413387
-1843825.7855741738
-1843626.592551648
-1843635.2718419721
-1843499.673444927
-1843267.5709516203
-1843436.8795064786
-1843766.4864186547
-1843716.2491138924
-1843354.0550509559
-1843551.5495210942
-1843231.3285673624
-1843194.92700184
-1843006.8464124382
-1843317.6171784985
-1843806.1730331106
-1843516.5554114087
-1843461.434149263
-1843360.0121601047
-1843314.7731830527
-1843190.0939581967
-1843322.2160550859
-1843444.620313785
-1843757.972184395
-1843388.9112736145
-1843481.539148036
-1843558.263712096
-1843469.1717175893
-1843583.687796192
-1843518.3774697501
-1843476.3433196102
-1843541.6932088074
-1843654.98755774
-1843702.0984030468
-1843771.7881267702
-1843788.3444823583
-1843722.676369311
-1843542.431687194
-1843718.785606017
-1843697.337267261
-1843589.8919275953
-1843417.045849987
-1843807.1029533776
-1843686.1095895446
-1843796.9371247115
-1843544.1119038484
-1843724.6774256625
-1843719.1425812587
-1843802.2943374796
-1843730.4974217166
-1843829.4554136554
-1843831.018997479
-1843624.5070252703
-1843585.3097756056
-1843634.5219125804
-1843616.4703420082
-1843912.8030975303
-1843855.1700300295
-1843825.3692446845
-1843715.267323561
-1843916.9351247041
-1844295.6534268504
-1844151.52155789
-1843872.3547744204
-1843787.1593665734
-1843686.3980112143
-1843947.0512611659
-1843903.9955434934
-1843815.8446040761
-1843553.0341327512
-1843369.3399850265
-1843610.4855474632
-1843874.3285875786
-1843720.9233841451
-1843824.3275585694
-1843517.5913095728
-1843792.129678935
-1843737.0128837142
-1843525.838234207
-1843693.6816731503
-1843461.1657708725
-1843506.303736327
-1843379.4627885602
-1843155.1866379692
-1843363.117554773
-1843137.637974898
-1843463.0169422464
-1843774.1593471435
-1843658.592151034
-1843701.0476769088
-1843348.2459193182
-1843551.7808375624
-1843570.3461427223
-1843531.8587959248
-1843566.2472459564
-1843375.3714286743
-1843701.7086300135
-1843685.811234272
-1843808.9449804653
-1843929.8852586704
-1843593.4234426343
-1843660.9850717161
-1843643.913767844
-1843634.9441781512
-1843400.5077183715
-1843547.2193705977
-1843409.5240669805
-1843313.3322923577
-1843308.4932677425
-1843124.5782395941
-1843370.9243511811
-1843459.0528043779
-1843530.0681947
-1843498.0281083577
-1843433.7362247775
-1843466.452871705
-1843336.8085790277
-1843560.655290505
-1843562.4146498477
-1843521.9448937704
-1843594.4250111468
-1843537.6228542994
-1843574.3126207804
-1843110.5174743617
-1843612.7940226994
-1843284.186056324
-1843484.0440551671
-1843176.567512133
-1843203.444062431
-1843243.2657480324
-1843100.2302690567
-1843413.0529555306
-1843177.6978602132
-1843062.9123417593
-1843605.5621392538
-1843515.832348437
-1843815.835370613
-1843481.1549672605
-1843586.2958910763
-1843069.0849271482
-1843060.2301123594
-1843068.3818449033
-1843001.4728722223
-1843264.9906482017
-1843368.5419492517
-1843595.826367726
-1843576.1025021414
-1843359.1665804198
-1843542.2056712136
-1843682.6004060796
-1843636.9466754196
-1843713.2012146232
-1843655.5633680306
-1843856.054245711
-1843720.172319913
-1843832.8922602062
-1843339.0096701682
-1843201.3200974027
-1843307.3515703839
-1843326.702289152
-1843412.2725450743
-1843599.5101866089
-1843362.873556707
-1843502.0477568975
-1843284.271341004
-1842911.1789928349
-1843390.5678060069
-1843071.2131415536
-1843238.6508743363
-1843094.8398293087
-1843260.7086372725
-1843396.4058106588
-1843276.5513062538
-1843289.4648771419
-1843230.395588131
-1843181.0304001193
-1843252.8658488055
-1843303.5687288926
-1843154.403957565
-1843718.871482444
-1843309.104682406
-1843411.5063791324
-1843452.6356234036
-1843629.455899383
-1843447.6912564598
-1843560.7874493136
-1843576.7484378032
-1843421.188767833
-1843271.5935994762
-1843215.2286497934
-1843040.912222132
-1843084.6020487663
-1843320.0251661306
-1843241.9667595027
-1843257.6067547626
-1843495.660321462
-1843526.1756639313
-1843161.3355776288
-1843289.2301867486
-1843201.6785219894
-1843275.2218187987
-1843582.1244497506
-1843074.5476820548
-1843361.8721395908
-1843248.0146169518
-1843256.2525149344
-1843342.626004405
-1843262.3182753436
-1843362.5625969688
-1843360.363653212
-1843177.9262658316
-1843220.5664283985
-1843310.0770023125
-1843267.990408977
-1843193.4050162642
-1843305.3115043563
-1843107.3830830767
-1843322.677578489
-1843586.414635834
-1843717.9896527173
-1843596.2851500763
-1843286.610781368
-1843680.0940910864
-1843335.2069315307
-1843534.7002548415
-1843033.610658209
-1843454.7027803857
-1843160.735982334
-1843398.7519818777
-1843385.7405211881
-1843206.2676185141
-1843328.2310283098
-1843444.6889938456
-1843615.4028054487
-1843640.4004589454
-1843541.790015552
-1843656.8892216822
-1843417.5325950012
-1843346.544340249
-1843404.66334936
-1843404.1957951558
-1843443.4443916574
-1843312.5341542955
-1843554.8803286636
-1843506.7823139918
-1843344.5244256263
-1843460.294060561
-1843198.4171193482
-1843392.196639197
-1843132.5846384475
-1843296.3857819582
-1843331.0151636512
-1843127.5670717154
-1843131.5831081779
-1843223.7359767803
-1843083.8368734382
-1843222.8311815204
-1843073.8025344168
-1843179.5411948557
-1843005.6401715071
-1843183.357243566
-1843224.8294650032
-1842955.0227892774
-1842982.5151023814
-1842891.3227528413
-1842995.227277533
-1842948.5943501154
-1843399.4202698963
-1842791.6150926657
-1843184.4988482522
-1843005.2051479942
-1843070.3608389543
-1843023.4864268901
-1843110.2427569474
-1842884.3449274434
-1843076.1644550005
-1842998.9325200834
-1843059.375990244
-1843043.5870346457
-1843142.5073620602
-1842877.479430414
-1843028.9375872025
-1842863.4769527733
-1843053.660179228
-1842953.7840119447
-1843349.6695206412
-1843401.1296645117
-1843054.067486439
-1843106.005569168
-1843198.20372083
-1843029.4224785583
-1843154.7763790642
-1843045.2528030078
-1842857.305539619
-1843115.7576609764
-1842395.8479526965
-1842977.798696146
-1842839.9582572826
-1842982.190942979
-1842816.516024359
-1842839.380610111
-1842800.3735074613
-1842895.4512635393
-1842866.915881729
-1843211.0758695207
-1842891.1349036477
-1842995.7323407452
-1843109.332440375
-1842976.160745892
-1843075.408472881
-1842785.2384357348
-1842919.8125545576
-1843226.1087734483
-1843073.594254978
-1842879.9717950127
-1843050.0352651293
-1842975.762201085
-1842696.5638092589
-1842794.571500324
-1842885.3326322213
-1842672.5760464186
-1842835.8786353378
-1843250.1036342038
-1842923.736626861
-1842727.0586733178
-1842909.2773192308
-1842857.2285488294
-1842941.5809621555
-1842481.9681581776
-1842722.1881018297
-1842713.8358749256
-1842609.2066935794
-1843042.1719496686
-1842831.90051694
-1843062.7067208777
-1842928.0947046138
-1842620.395766384
-1842465.2302622183
-1842759.0601701543
-1843164.4002835702
-1842633.4923158358
-1842818.1428158556
-1843083.144020992
-1842835.9129467774
-1842900.400499603
-1842992.0108424386
-1843032.907010711
-1842721.8671851845
-1842949.2135565015
-1843305.664258174
-1843424.2316426507
-1843063.3222911982
-1843052.8376689875
-1843157.3812011904
-1843060.0607719442
-1843037.6670605207
-1843021.9531164502
-1842959.0594994312
-1842881.1230035233
-1843097.7088341508
-1843058.186094302
-1843162.2290387647
-1843089.4919146982
-1843002.3738345846
-1843162.4283417591
-1843016.6045923498
-1842994.4344033801
-1842834.7228396067
-1842851.7919284166
-1842885.621919089
-1842741.8846782644
-1842653.1740011158
-1842731.7648943667
-1842625.8170099973
-1842788.8428263483
-1843040.5468048097
-1842795.23595908
-1842937.8008879244
-1842791.3465880775
-1842915.8767798394
-1842723.0972879818
-1842742.4276652506
-1842516.753482576
-1842686.0516940185
-1842769.7923316308
-1842921.9575013854
-1842748.2860523476
-1842845.3578635482
-1843042.3187288365
-1843258.2267253713
-1843170.8476650142
-1843320.8149724705
-1843398.532345809
-1843210.371050232
-1843124.626998005
-1843502.583117209
-1843212.1829681238
-1843168.4104707807
-1842892.9689071001
-1843152.4025672635
-1843142.824134849
-1842969.4367496385
-1843261.9512697356
-1843034.7918393821
-1842768.8170900657
-1843018.3661483421
-1842762.3285745361
-1843004.2393750292
-1842543.4019900716
-1842386.6497281857
-1842462.2857604194
-1842643.378292295
-1842528.3834662302
-1842570.2558240057
-1842788.1166488756
-1842835.1135539138
-1842797.533570537
-1842930.833825354
-1842989.1968633456
-1842840.6329438144
-1842827.2319481575
-1842601.8988496664
-1842971.2007315985
-1842865.5135143157
-1842989.2357187557
-1842947.40509208
-1842984.5376260695
-1842954.781189103
-1842812.0636683851
-1842551.3641847693
-1842552.0003810558
-1842523.5600953095
-1843022.9960868866
-1843141.0894741751
-1842999.7527666658
-1843080.2042257614
-1843207.42738992
-1842922.3749494292
-1843222.490584107
-1842707.6986841066
-1842489.6777904835
-1842752.9760507364
-1842965.5471881668
-1843050.7810593613
-1842743.8509048969
-1842794.745256502
-1842742.428860333
-1842657.4892040929
-1842842.0732004242
-1842531.365066494
-1842678.5316137448
-1842717.5916156531
-1842769.9064490367
-1842914.369204074
-1842476.7469526916
-1842334.8407910361
-1842468.3890419665
-1842553.349412161
-1842269.6720841075
-1842590.6665107692
-1842774.4543553216
-1842558.6357719684
-1842640.4028063675
-1842883.0583025203
-1842776.5854654198
-1842541.123999512
-1842517.4844316884
-1842749.3620043686
-1842125.6315532138
-1842427.0911215567
-1842531.9394603712
-1842613.4233963434
-1842380.9642948932
-1842767.0058149397
-1842800.5458508704
-1842784.1314027803
-1842564.7346333796
-1842902.7937413864
-1842608.9305252621
-1842555.0666931306
-1842428.1437836096
-1842787.5984476812
-1842514.7574141605
-1842402.5674203155
-1842629.988468128
-1842916.5130773655
-1842627.264618064
-1842624.7518646463
-1842569.693779363
-1842244.1501402885
-1842615.3381806777
-1842774.650554
-1842909.6783332014
