-2.958516587837126E7
-2.9567355206553306E7
-2.9543373501530644E7
-2.95149729276429E7
-2.9482775056455765E7
-2.944438516380362E7
-2.9398910036177687E7
-2.9344844533577938E7
-2.928619360957101E7
-2.9227549425936688E7
-2.9173589444228332E7
-2.9125652473154485E7
-2.9084407530278455E7
-2.9049244180413768E7
-2.9018656550949894E7
-2.8992675956853513E7
-2.8969660926767413E7
-2.8949427746997476E7
-2.8931508987247337E7
-2.8915620079595733E7
-2.8900789184499066E7
-2.8886912175328717E7
-2.8873922868886024E7
-2.88629639075895E7
-2.8852644010208637E7
-2.8842470012816217E7
-2.8833110979261283E7
-2.8824649956086632E7
-2.8816796533522587E7
-2.8809013534916487E7
-2.8801381392889272E7
-2.879397024625292E7
-2.878710745104887E7
-2.8780399496673323E7
-2.877378520868667E7
-2.8768110820298266E7
-2.8762449245335497E7
-2.875661242302042E7
-2.8750966126309674E7
-2.874575879297097E7
-2.874078359548573E7
-2.873568698472405E7
-2.8730998145743884E7
-2.8726543952283643E7
-2.8722158868767835E7
-2.871851217311698E7
-2.8714235525540452E7
-2.8710081670378767E7
-2.870613769349401E7
-2.870226863404508E7
-2.869903997120205E7
-2.8695308967709746E7
-2.8691964921104223E7
-2.868912201182071E7
-2.8685666940921552E7
-2.868259542256796E7
-2.8679657529634032E7
-2.8676487678708397E7
-2.8674330451086566E7
-2.8671993499689344E7
-2.8668932516209323E7
-2.866679532441934E7
-2.8664585965858266E7
-2.8662114629231595E7
-2.866013786070604E7
-2.8657853648647044E7
-2.8655519584980067E7
-2.8653599383135814E7
-2.865107358650703E7
-2.8649006723497465E7
-2.8646756261451587E7
-2.8644336074393883E7
-2.8642496173908588E7
-2.8641049727667123E7
-2.8639444913299296E7
-2.8637156981567793E7
-2.8634513834238186E7
-2.8633146902630966E7
-2.863122332028384E7
-2.8629435085589524E7
-2.8627146820989713E7
-2.8626819485674467E7
-2.8625204068821564E7
-2.8623323866173558E7
-2.862156828509584E7
-2.861968147881447E7
-2.861789321885795E7
-2.861640787105298E7
-2.8614847246400066E7
-2.8613673142513677E7
-2.8612571731947016E7
-2.8610610174788557E7
-2.860956910582947E7
-2.86078974324441E7
-2.8606396484573837E7
-2.860444583659188E7
-2.8603393527072262E7
-2.8602046301191073E7
-2.860074047106683E7
-2.8600708804636355E7
-2.8599329251316987E7
-2.8598039497371733E7
-2.8596484372884743E7
-2.8594993187270384E7
-2.8593857294698138E7
-2.85926897843301E7
-2.8591032672018938E7
-2.8589814824880853E7
-2.858913327433227E7
-2.858768564022281E7
-2.8586261330211677E7
-2.85848030227901E7
-2.8583173756205067E7
-2.8581996400150027E7
-2.8581069201257467E7
-2.857986154255305E7
-2.8578577018430118E7
-2.8577706057321824E7
-2.857710986620169E7
-2.8575977435831405E7
-2.8574805068355765E7
-2.857353786825016E7
-2.857240495892933E7
-2.8572132247410007E7
-2.8570831980002705E7
-2.8569983244532615E7
-2.8569462498252235E7
-2.856771758703652E7
-2.8566541488512114E7
-2.8565825793316375E7
-2.8565204944549654E7
-2.856432500907832E7
-2.8563451216587394E7
-2.8562478197685152E7
-2.856185327875645E7
-2.8561365572915535E7
-2.8560497257848714E7
-2.85599435230918E7
-2.8558953952566992E7
-2.8557861095580585E7
-2.855730229574542E7
-2.855604088848983E7
-2.855543325710571E7
-2.855460454315189E7
-2.8554003807421435E7
-2.8552569093867086E7
-2.85519462149367E7
-2.8551718461085886E7
-2.8550981584582034E7
-2.8550035528656464E7
-2.854928609495309E7
-2.854813816265816E7
-2.854808630506472E7
-2.854711401684018E7
-2.854682152354481E7
-2.8545688416636672E7
-2.8544965026929073E7
-2.854456316357695E7
-2.8543570816609196E7
-2.8543205499021012E7
-2.8542713747316312E7
-2.8542224767552063E7
-2.854146615698306E7
-2.8540940466922406E7
-2.8540510604743395E7
-2.8539603778203856E7
-2.8538927976052035E7
-2.853866307305351E7
-2.8538155664720435E7
-2.8537638176583063E7
-2.8536813984873272E7
-2.8536093330700547E7
-2.853596885541098E7
-2.8535097351200882E7
-2.8534615255124517E7
-2.853405777628007E7
-2.853309791688519E7
-2.8532672210391767E7
-2.8532325877648402E7
-2.853131181548649E7
-2.853063987035724E7
-2.8530973233353373E7
-2.8529877841591503E7
-2.8529604291151054E7
-2.852946021177966E7
-2.8529386114489973E7
-2.8529258261194695E7
-2.8528094351909522E7
-2.8527434580947954E7
-2.852721771171521E7
-2.8527222222057734E7
-2.8526191391396333E7
-2.8525817551035743E7
-2.852527630286733E7
-2.8524299349627938E7
-2.85243811733738E7
-2.8524044857658066E7
-2.852348133305603E7
-2.8523205646664903E7
-2.8522784665918984E7
-2.8522503452505693E7
-2.852219091991812E7
-2.852156586387969E7
-2.852103550955024E7
-2.852099306757656E7
-2.852026240064223E7
-2.8520347300326537E7
-2.8519389499809086E7
-2.8519314180643126E7
-2.8518422746763214E7
-2.851845941181791E7
-2.851764683736821E7
-2.8517190699044134E7
-2.8516566300476998E7
-2.85164870689978E7
-2.8516483787042268E7
-2.8516291479261808E7
-2.851598673450907E7
-2.851570279612949E7
-2.8515140308638126E7
-2.8515131413431004E7
-2.8514183706305236E7
-2.8514083955264196E7
-2.85142074735743E7
-2.851384048352492E7
-2.8513168798187166E7
-2.8512833491120264E7
-2.8512159994478706E7
-2.8512135283506073E7
-2.851205898791481E7
-2.85119782225924E7
-2.8511390631507866E7
-2.8511480113554582E7
-2.851116394542816E7
-2.851112460784508E7
-2.8510484326580916E7
-2.8510968080042083E7
-2.8510299338430524E7
-2.8510349565141194E7
-2.851009572383438E7
-2.85095079470624E7
-2.85089264104885E7
-2.8509017564960603E7
-2.8508323115852788E7
-2.8508037752738066E7
-2.850791967605356E7
-2.8507578541750938E7
-2.8507880185304984E7
-2.85070589770665E7
-2.8507136901016902E7
-2.8506871279148687E7
-2.8506626372403536E7
-2.8506250196942706E7
-2.8506346617209267E7
-2.8505759970098373E7
-2.8505423579435196E7
-2.850561742575116E7
-2.85053034049452E7
-2.8504695163199596E7
-2.8505382675901495E7
-2.8505384425878093E7
-2.8504414018572606E7
-2.8504515634118017E7
-2.85047560829854E7
-2.8504238394489422E7
-2.8504007309386004E7
-2.850338499571201E7
-2.850328317520036E7
-2.8503452825563934E7
-2.8503233886623487E7
-2.850287981956755E7
-2.8502773046246223E7
-2.850247052083675E7
-2.8501744217464697E7
-2.850186265433872E7
-2.8501950290435787E7
-2.8501020725983553E7
-2.8501624299056355E7
-2.850150628514065E7
-2.85007295101309E7
-2.8500680156350646E7
-2.85005414374314E7
-2.850045045173768E7
-2.8499935103359062E7
-2.849986653535978E7
-2.8499399195824437E7
-2.8499432075131003E7
-2.849946045313048E7
-2.8498628623214126E7
-2.8498439816454478E7
-2.8498478956172198E7
-2.8498201408022553E7
-2.8497763312103648E7
-2.8498041338600997E7
-2.8497708460753538E7
-2.849738764636787E7
-2.8496757696861725E7
-2.849666906859059E7
-2.8496180155659266E7
-2.8496208488539405E7
-2.849635688462048E7
-2.8496288692687966E7
-2.8495978581069972E7
-2.8495589448214673E7
-2.8496027899929896E7
-2.8495550249723613E7
-2.8495702689683624E7
-2.849562288039283E7
-2.849452356778473E7
-2.849493259715693E7
-2.8494728096135527E7
-2.8494677802768234E7
-2.849459937959702E7
-2.8494655629781533E7
-2.8494036257911112E7
-2.849433994674914E7
-2.8494007895161387E7
-2.8493164700569883E7
-2.84929905195066E7
-2.8493107677886933E7
-2.8492701097758997E7
-2.849249469049393E7
-2.8492216147531923E7
-2.8492204345485754E7
-2.849135234373517E7
-2.849161701695027E7
-2.8491925745582674E7
-2.849151458173682E7
-2.8491846290457074E7
-2.8491612233562298E7
-2.8491638100852285E7
-2.84917307292283E7
-2.8491200851784877E7
-2.8490786358120393E7
-2.8490501729573596E7
-2.8490865773920413E7
-2.849049760870927E7
-2.849082428217651E7
-2.8490728625245243E7
-2.849044615658092E7
-2.8490354496295758E7
-2.8490126945618827E7
-2.848948803613811E7
-2.8489624890518475E7
-2.8489505373528E7
-2.8489257453429084E7
-2.848958754205735E7
-2.8489049824138712E7
-2.8489514222867638E7
-2.848902053141691E7
-2.8489200187721554E7
-2.8489384288001657E7
-2.84895466898759E7
-2.8489198054359667E7
-2.8489090175672375E7
-2.8488350086287033E7
-2.8488625635541856E7
-2.8488325093451515E7
-2.8488332432993677E7
-2.84890750852445E7
-2.8488604803466666E7
-2.8488344442962635E7
-2.8488450434026428E7
-2.8488153603915367E7
-2.848820430412941E7
-2.8488102854925E7
-2.848764348203989E7
-2.8487738060762916E7
-2.84877225049333E7
-2.8487942241025396E7
-2.8487347886244085E7
-2.8487799549228214E7
-2.8487447034335244E7
-2.848732284050124E7
-2.848719490581248E7
-2.8486573820783395E7
-2.8486051166016616E7
-2.8487026414207667E7
-2.848655854414966E7
-2.8486524888429023E7
-2.848615946332464E7
-2.8486020057581272E7
-2.848582610537351E7
-2.8485628728177503E7
-2.8485548463445146E7
-2.8485957585348077E7
-2.8485454265876386E7
-2.8485368061194967E7
-2.8485297583348792E7
-2.8485108150575593E7
-2.8485052932721604E7
-2.8485342562881548E7
-2.8484477387715027E7
-2.8484803482785057E7
-2.8484754341533177E7
-2.848448752498765E7
-2.848399790859737E7
-2.8484136402531438E7
-2.8483909233353127E7
-2.848332631102527E7
-2.8483782156513E7
-2.8483650499576338E7
-2.8482945751436327E7
-2.848297286217571E7
-2.8483611531365506E7
-2.8483288268742766E7
-2.8483539942467846E7
-2.8483230094486564E7
-2.8482923179048136E7
-2.848254930635028E7
-2.8482992716121092E7
-2.8483072868357103E7
-2.8482714459447574E7
-2.8483396935921364E7
-2.848220417562074E7
-2.8483019162182942E7
-2.84824299422073E7
-2.8482660392140944E7
-2.8482270231081065E7
-2.8482708862461314E7
-2.8482255764250405E7
-2.848195680568596E7
-2.848179903817345E7
-2.8482277651285596E7
-2.848143414023742E7
-2.8481153912257496E7
-2.8480940024560392E7
-2.8480996299356163E7
-2.848091371969545E7
-2.8481431333212707E7
-2.8480602397594653E7
-2.8481062380461343E7
-2.8481203984621484E7
-2.848090039834079E7
-2.848126048629414E7
-2.8481155441482976E7
-2.8480965815045368E7
-2.8481367526220232E7
-2.8480857066922504E7
-2.8480417623674203E7
-2.8480456480994973E7
-2.8480594559923816E7
-2.8480541753708556E7
-2.8480736485912945E7
-2.8480943935157746E7
-2.84807088518122E7
-2.84808162564729E7
-2.8480955072479073E7
-2.8480421033207502E7
-2.8480456086014375E7
-2.8479911558644127E7
-2.8479934877156883E7
-2.848029663683638E7
-2.8479284339197118E7
-2.8479274315846797E7
-2.8479535518171746E7
-2.8479648905327816E7
-2.847946231627563E7
-2.847953194608888E7
-2.8479284433656532E7
-2.847886395039289E7
-2.847890566344736E7
-2.847896593435573E7
-2.8479095948971633E7
-2.847844373257287E7
-2.8478626929906636E7
-2.8478764090585727E7
-2.847832347061471E7
-2.847835734628179E7
-2.84788248670461E7
-2.847864025071185E7
-2.8478651827557065E7
-2.8478285653267562E7
-2.847851348035165E7
-2.8478386996713884E7
-2.8478463234314363E7
-2.8478424092256147E7
-2.8478556624126412E7
-2.847866658939856E7
-2.8478090405803245E7
-2.8477850478215236E7
-2.8477864094077777E7
-2.8478411574645907E7
-2.8477896616381448E7
-2.847783319038525E7
-2.8477984464967795E7
-2.84777286804392E7
-2.847780062106974E7
-2.847746886374541E7
-2.8477144739445355E7
-2.847759944110066E7
-2.8477490925335098E7
-2.8477615606046833E7
-2.847716819101395E7
-2.847746727079769E7
-2.8477362235754576E7
-2.8476741282713857E7
-2.8477212856252648E7
-2.847675071033092E7
-2.8476780691410054E7
-2.847647713061772E7
-2.8476949295363672E7
-2.847675222632653E7
-2.8476983285797685E7
-2.8477081465401944E7
-2.8476483548614178E7
-2.847651581394149E7
-2.8476844926294107E7
-2.847659479114961E7
-2.8476370377047908E7
-2.8475848192040507E7
-2.84763556722348E7
-2.8476588814722467E7
-2.8476756587252628E7
-2.8476529669124275E7
-2.8476326403350163E7
-2.8476145940441445E7
-2.8476173510229863E7
-2.847604100433263E7
-2.847591429584683E7
-2.847567032594639E7
-2.8475498502760887E7
-2.8475357515093427E7
-2.8475037826379497E7
-2.8475498657116152E7
-2.8475063597394504E7
-2.8475321982028253E7
-2.8474803737946574E7
-2.8474099127553664E7
-2.8474475831161417E7
-2.8474686487042494E7
-2.8474646806043737E7
-2.8475437889170375E7
-2.8475526752840158E7
-2.847549068307789E7
-2.84751693193009E7
-2.847583514443065E7
-2.8475584814807836E7
-2.8475304268783826E7
-2.8474896976626903E7
-2.8475021715862688E7
-2.8475115844951827E7
-2.847543008294829E7
-2.847489454913439E7
-2.8474654330921035E7
-2.8474582423506033E7
-2.847434967629906E7
-2.847469667499287E7
-2.8474597460074596E7
-2.847430748188914E7
-2.847383513089846E7
-2.847478023223147E7
-2.84742940281177E7
-2.847400771703658E7
-2.8473833551759105E7
-2.8474159088241387E7
-2.8473708699655116E7
-2.8473425426378764E7
-2.8473435234163582E7
-2.847330372854749E7
-2.8473268469835445E7
-2.847333088082687E7
-2.8473961631384276E7
-2.8473722995064903E7
-2.8473608408522252E7
-2.8473131548692662E7
-2.8473309795683842E7
-2.8472967661855485E7
-2.8473480797000848E7
-2.8473258556289043E7
-2.8472436309282545E7
-2.847301397460061E7
-2.847305160770243E7
-2.8472863817038182E7
-2.8472882039870813E7
-2.84731378146681E7
-2.8472770641943958E7
-2.847274929397914E7
-2.8472130239342898E7
-2.8471789056010988E7
-2.847238739161369E7
-2.847189896485402E7
-2.8471652845489662E7
-2.847242817578573E7
-2.8471768419549067E7
-2.8471964103130143E7
-2.8471634006292477E7
-2.8471708998112336E7
-2.8471461122258883E7
-2.8471605908089854E7
-2.8471394281083502E7
-2.8471269818594143E7
-2.8471470202536374E7
-2.847138993540543E7
-2.8471104760146573E7
-2.8471655702034123E7
-2.847157471801447E7
-2.8471917187684976E7
-2.847170201026248E7
-2.8471544233862184E7
-2.847172972917999E7
-2.8472001313416798E7
-2.847191261115417E7
-2.8471710144652072E7
-2.8471653888387047E7
-2.84716296371067E7
-2.8471374140654214E7
-2.8471603105195772E7
-2.847162667292494E7
-2.8471817165391732E7
-2.847137844466081E7
-2.8471884304987922E7
-2.8471402600467063E7
-2.847085465550856E7
-2.84711183094543E7
-2.847034885315619E7
-2.8470880602520924E7
-2.8470279226567455E7
-2.8470384153833292E7
-2.847053439239621E7
-2.847055739337167E7
-2.847085258562015E7
-2.847043101472738E7
-2.847037242908433E7
-2.847080259724666E7
-2.8470788480464566E7
-2.8470372833825078E7
-2.847011988915392E7
-2.847051773888069E7
-2.847041877532012E7
-2.847050478979452E7
-2.8470380768804662E7
-2.8470105925679535E7
-2.84701842073125E7
-2.8469958439369563E7
-2.847017996556772E7
-2.847017181822282E7
-2.847032530828772E7
-2.846970237781296E7
-2.8470202023894653E7
-2.846967552357987E7
-2.8470423670840133E7
-2.846954716366295E7
-2.8469586621618178E7
-2.84695651236184E7
-2.8469934919493526E7
-2.8469536698729195E7
-2.8469443972169723E7
-2.84698460623668E7
-2.8469636074747324E7
-2.8469838623580292E7
-2.846955930214257E7
-2.846986066700115E7
-2.8469699463467963E7
-2.8469765556852575E7
-2.8469526693122644E7
-2.846974239468906E7
-2.846922396156533E7
-2.846916558732611E7
-2.8469791037814897E7
-2.8469565765150324E7
-2.8469300302763876E7
-2.8468940632661544E7
-2.8468601055578507E7
-2.8468597821287926E7
-2.8468666986270096E7
-2.8469310967010472E7
-2.8468417483583845E7
-2.846875245211343E7
-2.8468908817750506E7
-2.846863422699348E7
-2.8469088635911465E7
-2.8468278838933498E7
-2.8468897944113035E7
-2.846874284062734E7
-2.8468664699125245E7
-2.8467615096165523E7
-2.8468579328349862E7
-2.8467896980008658E7
-2.846838600373801E7
-2.8468115895743575E7
-2.846791914833836E7
-2.8467849862010058E7
-2.846744794920575E7
-2.846809322386743E7
-2.8467795516837284E7
-2.8467897829069328E7
-2.8468415418643665E7
-2.8468228016203858E7
-2.8467557923398048E7
-2.846794475295694E7
-2.8467814727572855E7
-2.8467747716411512E7
-2.8467654044396095E7
-2.8468470345357455E7
-2.8467767457255058E7
-2.8467601443572752E7
-2.8467579322212994E7
-2.8467428688896246E7
-2.846734661099007E7
-2.8467430514024056E7
-2.8467695008786444E7
-2.846745992096572E7
-2.846808011639307E7
-2.8467625299943466E7
-2.8467640785824228E7
-2.8467585570577063E7
-2.846734342436858E7
-2.84674361650976E7
-2.8467732215970885E7
-2.8467663433409117E7
-2.8468111460786782E7
-2.846785904583704E7
-2.8467952668949056E7
-2.8467890311693776E7
-2.8467476540709388E7
-2.8467004979209587E7
-2.846758191676724E7
-2.8466853572697476E7
-2.8467187644470073E7
-2.8467344929203857E7
-2.8467011569698725E7
-2.8467195447057694E7
-2.846692328941918E7
-2.8466708061082724E7
-2.846650638686643E7
-2.8467026311450686E7
-2.8467497334129788E7
-2.8466983391546644E7
-2.8466598510830518E7
-2.846679377543831E7
-2.8466727970644597E7
-2.846684132614385E7
-2.846691234442222E7
-2.8466679391852178E7
-2.8466670706960797E7
-2.846656545224629E7
-2.8466255836388867E7
-2.846640909613811E7
-2.8467005870331503E7
-2.8466779210853416E7
-2.8466661560838252E7
-2.8466733984423798E7
-2.8465924437656876E7
-2.8466009080066137E7
-2.8465923549447436E7
-2.846590127483486E7
-2.8466097589339703E7
-2.8465897397922736E7
-2.846597954402441E7
-2.84660713088111E7
-2.8466044858690552E7
-2.8466001231068913E7
-2.8466008970124226E7
-2.846544124555237E7
-2.8465290728200402E7
-2.8465505482229266E7
-2.8464954548513144E7
-2.8465381778332986E7
-2.8465478385922402E7
-2.846508982512176E7
-2.846503842295715E7
-2.8464924048109017E7
-2.8465342450010113E7
-2.8464889373103946E7
-2.846510200707511E7
-2.8465584191622704E7
-2.846533194964876E7
-2.8465392816119123E7
-2.8465124234973855E7
-2.8465908801985256E7
-2.8465700666696355E7
-2.8465923367225062E7
-2.8466095217781905E7
-2.8466059475541E7
-2.8466354141743973E7
-2.8466101370336886E7
-2.8465916399886988E7
-2.8465673510843158E7
-2.8465882966393102E7
-2.846588841253974E7
-2.8465988662540596E7
-2.846582230242737E7
-2.8465681132255096E7
-2.846519696770157E7
-2.8465471083814606E7
-2.846575331087817E7
-2.8465425452549677E7
-2.8465390378031846E7
-2.8465607867098697E7
-2.8465237032300074E7
-2.8465544855771445E7
-2.8465736716450647E7
-2.84649132112349E7
-2.846522013085094E7
-2.8465102602748457E7
-2.846457416171933E7
-2.8464771823047064E7
-2.8465037383594744E7
-2.8464881869293194E7
-2.8465055040185954E7
-2.8465240799982913E7
-2.8464882157678477E7
-2.8464989721266173E7
-2.8465056394524083E7
-2.8465163146552783E7
-2.846555097636755E7
-2.8465729165231265E7
-2.8465742391956102E7
-2.8465794166424267E7
-2.8465157176431343E7
-2.8465410918685775E7
-2.8464962513967257E7
-2.8465035417178757E7
-2.846448135374222E7
-2.84644413180496E7
-2.8464521349500116E7
-2.8464628355129685E7
-2.8464578686722323E7
-2.8464296507445894E7
-2.846471752642114E7
-2.846480678626752E7
-2.8465096794625275E7
-2.8464771947020117E7
-2.846412136707545E7
-2.846461199197881E7
-2.846421336194587E7
-2.846425526439955E7
-2.8463878361931346E7
-2.846397209177036E7
-2.8464324920663808E7
-2.8463838921853807E7
-2.846393530637125E7
-2.8464247522043318E7
-2.846425513936523E7
-2.846456442151975E7
-2.8463988882978983E7
-2.8463619471885506E7
-2.846398907701383E7
-2.8464248600474335E7
-2.8463882956292994E7
-2.8463618007674333E7
-2.8463308260096576E7
-2.8463296995815344E7
-2.8463777720474776E7
-2.846365129647453E7
-2.8464010035638455E7
-2.846391526607643E7
-2.8464013468563598E7
-2.8463603816587295E7
-2.846321471250432E7
-2.846387808396701E7
-2.846374706609561E7
-2.846405939920721E7
-2.8463543159294933E7
-2.8463267758517604E7
-2.8463750080107983E7
-2.846394953318842E7
-2.846378233316258E7
-2.84639624026668E7
-2.8463639978129692E7
-2.8463798905859005E7
-2.846409170715465E7
-2.846379082479006E7
-2.8463494309010405E7
-2.8463722511286218E7
-2.846367105771799E7
-2.846372209312567E7
-2.846383796138495E7
-2.846328667427591E7
-2.8463060261633728E7
-2.846306360973676E7
-2.846290866572162E7
-2.8462578961885273E7
-2.8462756797821656E7
-2.846324016617773E7
-2.8462613669770412E7
-2.8463123858757E7
-2.8462639127700094E7
-2.846263613427754E7
-2.8462649130013905E7
-2.846252192992214E7
-2.8462623947936717E7
-2.846256830147752E7
-2.846282667789944E7
-2.846296901469723E7
-2.846306350695824E7
-2.8462941842454214E7
-2.8462577924984913E7
-2.846264967807102E7
-2.8463455201959927E7
-2.8462733263368513E7
-2.8462659851174455E7
-2.8462323749825947E7
-2.8462300028223217E7
-2.8462514099451892E7
-2.8462402323649663E7
-2.8462853389290903E7
-2.846280653777541E7
-2.846278247366935E7
-2.8462469451384228E7
-2.8462400993235692E7
-2.8462602799206175E7
-2.8462858324670162E7
-2.846269767084106E7
-2.8462140557022814E7
-2.8462568527717244E7
-2.8461972527007435E7
-2.8462315456313744E7
-2.8462253399220485E7
-2.846214249962459E7
-2.8462112588760283E7
-2.8462047118044984E7
-2.84616489528054E7
-2.8462109298942562E7
-2.8462013822570886E7
-2.8462067210237775E7
-2.8461737770698983E7
-2.8461593886496946E7
-2.8462733691590194E7
-2.8461944170593973E7
-2.8462192626539934E7
-2.8461511987963475E7
-2.8461574923681017E7
-2.8461740462784592E7
-2.846193373786879E7
-2.8461203698651973E7
-2.846166433395909E7
-2.846089097594162E7
-2.846101605511221E7
-2.8461194076987434E7
-2.846123667112994E7
-2.846117835501114E7
-2.8460673847275864E7
-2.8461051022961926E7
-2.8460146111002263E7
-2.846055516240161E7
-2.8460362703490008E7
-2.846012534960133E7
-2.8459876727915324E7
-2.846014666210576E7
-2.8460699872755848E7
-2.8460778138032664E7
-2.8460471404907238E7
-2.84601623631279E7
-2.846072687789877E7
-2.8460829279351205E7
-2.84607958374825E7
-2.8459944974539954E7
-2.8460364413048033E7
-2.845947215019296E7
-2.8460317635218278E7
-2.8460142633479275E7
-2.846061166892789E7
-2.8460571217919964E7
-2.8460953748189736E7
-2.8460517186031908E7
-2.8460437608284585E7
-2.846069386662356E7
-2.8460243363334257E7
-2.8460315026634064E7
-2.8460219473851625E7
-2.846076734218003E7
-2.84606382574048E7
-2.84602239681776E7
-2.846035805789273E7
-2.8460217996166162E7
-2.84598973772698E7
-2.846008244605122E7
-2.845951973947578E7
-2.8460040429869827E7
-2.8459889388474427E7
-2.846004325199706E7
-2.8459407495671783E7
-2.8459560411805995E7
-2.8459846988357134E7
-2.8459928802343316E7
-2.8460023321569066E7
-2.8459706635026198E7
-2.8460457457746886E7
-2.8460534318915926E7
-2.8460411796876784E7
-2.846001422359762E7
-2.845988746689605E7
-2.846045616057885E7
-2.8459494393390518E7
-2.84596373165685E7
-2.8459519946698606E7
-2.8459564632059414E7
-2.8459501659984954E7
-2.845954612330731E7
-2.8459178150636718E7
-2.8459024617191885E7
-2.8459557848616112E7
-2.845960627770495E7
-2.845969023094329E7
-2.8459827214635752E7
-2.8459938443580735E7
-2.8460139849994395E7
-2.845954457998242E7
-2.8459724420889948E7
-2.846013037871561E7
-2.8459704490260262E7
-2.84592757445615E7
-2.8459819397630583E7
-2.8459616766037915E7
-2.845973417437787E7
-2.845977231515909E7
-2.846014942999487E7
-2.8459501017684244E7
-2.8459638549106564E7
-2.845980580897527E7
-2.8459222879499007E7
-2.8459001096245922E7
-2.845933694976651E7
-2.845971485281788E7
-2.8459746258612115E7
-2.8459701099678922E7
-2.8459866392750878E7
-2.8459397109811034E7
-2.845896245718169E7
-2.8458976212636404E7
-2.8459205976992738E7
-2.8459970116203304E7
-2.845934789569411E7
-2.8459037634974454E7
-2.84589852478039E7
-2.8458635529978916E7
-2.845833846200575E7
-2.8458449354208272E7
-2.8458291608739138E7
-2.8458654291176997E7
-2.8458419974341914E7
-2.8458390934992276E7
-2.8458954850896623E7
-2.8458710096132513E7
-2.8458462789698746E7
-2.845869762980172E7
-2.845846423431139E7
-2.8458480505503785E7
-2.8459095490129475E7
-2.8458721760493934E7
-2.845877778778732E7
-2.8458465284372177E7
-2.8458207405293893E7
-2.8458753566599607E7
-2.845887144258689E7
-2.8458028265058048E7
-2.8458208323870398E7
-2.8457920964504156E7
-2.845832913517403E7
-2.8458519051584825E7
-2.8458865312271945E7
-2.8458452615548197E7
-2.84589563740196E7
-2.84586193149597E7
-2.8458378064685207E7
-2.8458667431555156E7
-2.845860229417332E7
-2.845872976613952E7
-2.8458579100446574E7
-2.8457947474239662E7
-2.845816296623143E7
-2.8458381527279247E7
-2.8459010249369714E7
-2.8458412650339678E7
-2.845773575351358E7
-2.84581242640775E7
-2.8458047620821606E7
-2.8458377552065793E7
-2.8458571587400805E7
-2.8458579526316978E7
-2.8458046214453556E7
-2.8459150129143603E7
-2.84588674613532E7
-2.845852896317065E7
-2.8458378998670854E7
-2.8458524442430805E7
-2.8457710599206965E7
-2.8457982654482603E7
-2.8458035553774845E7
-2.845813993258638E7
-2.8457845604508907E7
-2.845869103265856E7
-2.8458688976762284E7
-2.8458635764749266E7
-2.8458197778307717E7
-2.8458414278827548E7
-2.8457899606264073E7
-2.84579639704513E7
-2.845858612774829E7
-2.8458471523463566E7
-2.8458574918363634E7
-2.8457780390600827E7
-2.8457871054895647E7
-2.845792711638457E7
-2.845843975857559E7
-2.8457745092187397E7
-2.8458392354074843E7
-2.84576423494589E7
-2.8458564445840787E7
-2.8458022815000758E7
-2.845794976726664E7
-2.8457953223577783E7
-2.845807215145045E7
-2.8458001855170995E7
-2.845772667174597E7
-2.8457959901824925E7
-2.8458020321432028E7
-2.845759322664443E7
-2.845791308954717E7
-2.8457785461710367E7
-2.8458051661664058E7
-2.845747989845034E7
-2.8457449513972744E7
-2.845775191676304E7
-2.8457950171031468E7
-2.845702752286017E7
-2.8457281993689176E7
-2.8457182485409074E7
-2.8457420352915976E7
-2.845761449835228E7
-2.8457861219988484E7
-2.84574709853588E7
-2.845787659667233E7
-2.8457688643369522E7
-2.8457283414064668E7
-2.8457205936751235E7
-2.845749079005851E7
-2.845701605737767E7
-2.8457462545265287E7
-2.845760407041093E7
-2.84573278764225E7
-2.8457293728240058E7
-2.845741752524472E7
-2.845678274799131E7
-2.8457297645537023E7
-2.84577436969167E7
-2.845712986313252E7
-2.845741407169135E7
-2.845698411660871E7
-2.8457167464846417E7
-2.8456915371247545E7
-2.8456669897038482E7
-2.8456967344846476E7
-2.845696491312636E7
-2.845641238467485E7
-2.845636892105702E7
-2.8457247740401648E7
-2.8456999589048356E7
-2.8456470687177226E7
-2.8456872482601598E7
-2.845644185323381E7
-2.8456185690440267E7
-2.845643312159339E7
-2.8456554587145895E7
-2.8456677974381868E7
-2.8457136781343345E7
-2.8456408429431267E7
-2.8456626659049325E7
-2.8456549053690635E7
-2.8456164930033572E7
-2.845635073411423E7
-2.8456839897837687E7
-2.8456815036273945E7
-2.8456505081998482E7
-2.8456017013658967E7
-2.8456942055823352E7
-2.8457087045450248E7
-2.8456817197736725E7
-2.8456746667828437E7
-2.8456603521515496E7
-2.8456688005939353E7
-2.8457017379800163E7
-2.8455978309267428E7
-2.845611064154775E7
-2.845618107341777E7
-2.8456106454463396E7
-2.8456095857019216E7
-2.8456218030774057E7
-2.8456574230017956E7
-2.8455907647289217E7
-2.8456307981337503E7
-2.8456066520040847E7
-2.8455711518385924E7
-2.8456390339586236E7
-2.845605064359004E7
-2.8455718781002972E7
-2.8455728486918002E7
-2.8456057601993214E7
-2.845577168333876E7
-2.845545120252425E7
-2.8455208725959014E7
-2.845562763640707E7
-2.8455820574824482E7
-2.845581753537436E7
-2.8456024909887232E7
-2.8455040811552264E7
-2.84551314900318E7
-2.8455417484956987E7
-2.8455165852043457E7
-2.845528780428761E7
-2.845576580489773E7
-2.84555668803856E7
-2.8455610686497733E7
-2.8455484332850266E7
-2.845606112777046E7
-2.8455828205062848E7
-2.8455659533968583E7
-2.8455733786922246E7
-2.8455681571161207E7
-2.8455373968415935E7
-2.845552622417404E7
-2.84551607623418E7
-2.8455732418791987E7
-2.8455707692806285E7
-2.845557578052715E7
-2.8455394057719246E7
-2.845527152852684E7
-2.8455240295507032E7
-2.84553831728193E7
-2.8455387368298627E7
-2.845524464447599E7
-2.8455202127065375E7
-2.8454549664578926E7
-2.845466667554651E7
-2.845432901007812E7
-2.845467485851673E7
-2.845484486677086E7
-2.845453235928577E7
-2.845445311705652E7
-2.845457904005021E7
-2.845461249925757E7
-2.8455024604011633E7
-2.8453997330220148E7
-2.8454504264734067E7
-2.8454965228405282E7
-2.845446644945983E7
-2.845451852889181E7
-2.8454947823492367E7
-2.8454385872003082E7
-2.845449434303037E7
-2.8454605143432368E7
-2.8454709496843338E7
-2.8455295239383977E7
-2.845506851342001E7
-2.8454034143186897E7
-2.8453795423570562E7
-2.845396992552748E7
-2.8454469606999923E7
-2.8455311747389372E7
-2.8454382873262078E7
-2.845422483781863E7
-2.8454254929132197E7
-2.8454573619210545E7
-2.8454254046954762E7
-2.84544166439186E7
-2.8454494165122207E7
-2.8453889130478766E7
-2.8453895531100217E7
-2.8454695116701096E7
-2.8454163557530716E7
-2.845414382862727E7
-2.845399953387802E7
-2.8453872105982665E7
-2.845396416437604E7
-2.8453856886035487E7
-2.8454101251822036E7
-2.845387083509848E7
-2.845393523003175E7
-2.8453593922234017E7
-2.8453773410569627E7
-2.8452873060326215E7
-2.845322508652042E7
-2.8453583733471792E7
-2.8453423273574866E7
-2.8453658288499676E7
-2.8453311771685462E7
-2.8453975648466334E7
-2.845348972508837E7
-2.8453590103683982E7
-2.8453206107327525E7
-2.8453533825271674E7
-2.845377579788125E7
-2.8453598478408508E7
-2.84532989442674E7
-2.8452825510690864E7
-2.845299430630256E7
-2.8453294562170006E7
-2.845326555794046E7
-2.8453582828378133E7
-2.8453278753196437E7
-2.8454408718785916E7
-2.8453302849140275E7
-2.845337450519305E7
-2.8453851112783708E7
-2.845362271104198E7
-2.8452849668387838E7
-2.845322848399437E7
-2.8453306864741772E7
-2.845340454753863E7
-2.845347280303367E7
-2.8453903528524306E7
-2.8453643221876323E7
-2.8453916397790838E7
-2.8453620474635318E7
-2.8453895881683446E7
-2.845368408965455E7
-2.845339913963751E7
-2.8453389807757508E7
-2.8453761435312368E7
-2.8453590080590513E7
-2.8453094181489184E7
-2.845348188210165E7
-2.8453632509998787E7
-2.8453641453287784E7
-2.845367129644481E7
-2.8453165870774638E7
-2.8453535394937333E7
-2.8453550484161716E7
-2.8453268637920544E7
-2.8452720032155517E7
-2.8453521127599437E7
-2.8453676741820242E7
-2.8453573216848966E7
-2.845397490730286E7
-2.8453657522151478E7
-2.845424265137046E7
-2.845361196830118E7
-2.84532502476304E7
-2.8453085687072776E7
-2.8453079427630987E7
-2.84528580073056E7
-2.8453234828896455E7
-2.845302035535407E7
-2.845223206200611E7
-2.8453039006371282E7
-2.8452964129837018E7
-2.8453243121830508E7
-2.8452771349712994E7
-2.845251963992423E7
-2.8452767865926277E7
-2.845318429826673E7
-2.8453325593722735E7
-2.8453101820944183E7
-2.8453412649642594E7
-2.845307481868358E7
-2.8453621454520926E7
-2.845324668139096E7
-2.8453081536705263E7
-2.845286039225191E7
-2.845348927345051E7
-2.8453410785891335E7
-2.8453594453248173E7
-2.845297859605073E7
-2.8453511591835037E7
-2.8453550513150636E7
-2.8453136784391318E7
-2.84533079205479E7
-2.845288700454751E7
-2.8452825985035516E7
-2.8452752626736064E7
-2.84531294730486E7
-2.8453288148849428E7
-2.8453240181100193E7
-2.845365438480013E7
-2.845333073590878E7
-2.845343959277615E7
-2.8453443460076194E7
-2.8452936872483544E7
-2.8453309272432808E7
-2.8452992624619998E7
-2.845308428698981E7
-2.8453033573916394E7
-2.845276038349203E7
-2.845300946934702E7
-2.8452873685199883E7
-2.845273673530612E7
-2.845299512242012E7
-2.845227946194023E7
-2.8452784809448525E7
-2.8452327712739255E7
-2.8452588502529096E7
-2.8452385097350158E7
-2.845262377676044E7
-2.845273592261816E7
-2.845341907404416E7
-2.8453417917240497E7
-2.8453257627196677E7
-2.845322705011182E7
-2.8453098599230956E7
-2.8453038438439257E7
-2.8453010340442996E7
-2.8452927240439802E7
-2.8452748919236522E7
-2.8452308771202322E7
-2.845285776432435E7
-2.845295059704731E7
-2.845307508474183E7
-2.845279176535916E7
-2.8452831555623125E7
-2.8452470403800063E7
-2.8452701557795E7
-2.845307181255808E7
-2.8452859809950557E7
-2.8453250105949238E7
-2.845301061735014E7
-2.8453229447756547E7
-2.8452818890612725E7
-2.8453070865153927E7
-2.8452928859395552E7
-2.8453341743916646E7
-2.845296047833461E7
-2.845312835009677E7
-2.8452621570723012E7
-2.8452816636130154E7
-2.8453156061669737E7
-2.845336576385213E7
-2.845304295134081E7
-2.845302141190139E7
-2.8452347090332292E7
-2.845220348284735E7
-2.8452698447006345E7
-2.8452982363989886E7
-2.845271730031793E7
-2.8453147191915724E7
-2.8453121773123633E7
-2.8452878520631716E7
-2.8452198770707056E7
-2.845234241476733E7
-2.8452100394269954E7
-2.8452679430179458E7
-2.845308672611346E7
-2.8452083451953813E7
-2.8452797100156724E7
-2.8452779169492632E7
-2.8452108391325857E7
-2.8452188783990026E7
-2.8452393003554057E7
-2.8452503678350583E7
-2.8452448048935838E7
-2.8452327248306975E7
-2.8452122541445218E7
-2.8451848738390554E7
-2.8452022165386863E7
-2.845267235214177E7
-2.8452229000042886E7
-2.845283173902785E7
-2.845286276145344E7
-2.8453091203888476E7
-2.8452703787440065E7
-2.8452785688913878E7
-2.8452617537821632E7
-2.8452361638998315E7
-2.8452552539159846E7
-2.8452947241715647E7
-2.8452833887056578E7
-2.845284739364679E7
-2.845236569911303E7
-2.845225248926454E7
-2.8452722818285067E7
-2.845273714473981E7
-2.8451907391892217E7
-2.8452147829022355E7
-2.8452019371248353E7
-2.8451727998435583E7
-2.8452160360245187E7
-2.845207449548173E7
-2.8451937104231533E7
-2.8451358346572194E7
-2.8452194189572778E7
-2.845190967352722E7
-2.8451946463359646E7
-2.8452016368123602E7
-2.8451725640945952E7
-2.845146436990097E7
-2.8451760323117964E7
-2.845172629328497E7
-2.8451648707640223E7
-2.8451460115074523E7
-2.8451144225982785E7
-2.8451813537383493E7
-2.8451174082885623E7
-2.8451423503895745E7
-2.845161151027638E7
-2.845180703844486E7
-2.845128579183697E7
-2.8450953009007968E7
-2.845073721881933E7
-2.8450864330025576E7
-2.8451505717441693E7
-2.8451458679975968E7
-2.8451315793073338E7
-2.8451629212487295E7
-2.8451223816603262E7
-2.8451559222339544E7
-2.845151013850443E7
-2.8451017087096337E7
-2.8451197179874767E7
-2.8451599519254573E7
