a 0.00207307484675 0.183251779288 0.00936635519131 0.304490140898 0.0186346561647 
b 0.00461109724295 0.14033588596 0.360846827038 0.0418429625571 0.0213271511646 
c 0.0368853130311 0.00250660721506 0.0552436349933 0.0477713449004 0.00878927687322 
d 0.021207968982 0.000452175562923 0.00405554559034 0.0470826010301 0.0407263160147 
e 0.0291117164194 0.301001139551 0.0177615305919 0.00119646105765 0.124965430047 
f 0.0306600767094 0.00124094873773 0.117107577895 0.231685662714 0.00023931399045 
g 0.16032350759 0.0074932892743 0.00582490461488 0.127064347626 0.100164280068 
h 0.68284715113 0.305246146079 0.00831717117951 0.149840337507 0.315110095286 
i 0.0159773329774 0.00912761738318 0.175481319134 0.0227160896392 0.232235220951 
j 0.0163027610707 0.0493444109488 0.245995133772 0.0263100520706 0.13780825944 
